0 0 3.91e-07 1.9e-07 
1 1 9.8746e-05 2.47e-07 
2 2 1.5191e-05 3.19e-07 
3 3 2.2487e-05 2.77e-07 
4 4 4.4116e-05 5.73e-07 
5 5 3.8868e-05 5.55e-07 
6 6 4.2463e-05 9.63e-07 
7 7 6.1084e-05 8.85e-07 
8 8 6.0942e-05 1.355e-06 
9 9 7.0526e-05 1.496e-06 
10 10 9.3796e-05 1.91e-06 
11 11 8.8809e-05 1.781e-06 
12 12 8.6529e-05 7.88e-07 
13 13 6.264e-05 3.74e-07 
14 14 6.5948e-05 3.72e-07 
15 15 7.0666e-05 4.44e-07 
16 16 7.3474e-05 6.9e-07 
17 16 0.000107456 8.34e-07 
18 7 4.9366e-05 4.49e-07 
19 8 5.4953e-05 4.24e-07 
20 8 5.5128e-05 4.7e-07 
21 8 6.0664e-05 3.61e-07 
22 8 6.4718e-05 1.16e-07 
23 8 1.7254e-05 1.23e-07 
24 8 1.7428e-05 1.08e-07 
25 8 1.7806e-05 1.96e-07 
26 8 1.7384e-05 1.83e-07 
27 8 1.7834e-05 1.06e-07 
28 8 1.7559e-05 1.04e-07 
29 8 1.7174e-05 1.18e-07 
30 8 1.7995e-05 1.12e-07 
31 8 1.7141e-05 2.32e-07 
32 8 1.6948e-05 9.5e-08 
33 8 1.6795e-05 1.19e-07 
34 8 1.6892e-05 1.03e-07 
35 8 1.6734e-05 1.05e-07 
36 8 1.6867e-05 1.15e-07 
37 8 1.6766e-05 1.08e-07 
38 8 1.6755e-05 1.04e-07 
39 8 1.6762e-05 1.34e-07 
40 8 1.8252e-05 1.05e-07 
41 8 1.6711e-05 1.22e-07 
42 8 1.6708e-05 1.3e-07 
43 8 2.9725e-05 1.37e-07 
44 8 1.6958e-05 1.22e-07 
45 8 1.7052e-05 1.22e-07 
46 8 1.6791e-05 1.21e-07 
47 8 1.6492e-05 1.06e-07 
48 8 1.6466e-05 1.19e-07 
49 8 1.6737e-05 1.06e-07 
50 8 1.6661e-05 1.07e-07 
51 8 1.6511e-05 1.05e-07 
52 8 1.6472e-05 1.27e-07 
53 8 1.6509e-05 1.14e-07 
54 8 1.6428e-05 1.05e-07 
55 8 1.6636e-05 1.06e-07 
56 8 1.6497e-05 1.42e-07 
57 8 1.7097e-05 1.37e-07 
58 8 1.6538e-05 2.1e-07 
59 8 1.6396e-05 1.07e-07 
60 8 1.6232e-05 1.28e-07 
61 8 1.6225e-05 1.2e-07 
62 8 1.6416e-05 1.07e-07 
63 8 1.6227e-05 1.08e-07 
64 8 1.6373e-05 1.07e-07 
65 8 1.6201e-05 1.47e-07 
66 8 1.6144e-05 1.12e-07 
67 8 1.7766e-05 1.14e-07 
68 8 1.7695e-05 5.19e-07 
69 9 2.3734e-05 1.32e-07 
70 9 2.3982e-05 1.41e-07 
71 9 2.3365e-05 1.58e-07 
72 9 2.4907e-05 1.59e-07 
73 9 2.3517e-05 2.54e-07 
74 9 2.2646e-05 1.43e-07 
75 9 2.4261e-05 1.73e-07 
76 9 2.5578e-05 4.38e-07 
77 9 2.3591e-05 1.65e-07 
78 9 2.5335e-05 1.77e-07 
79 9 2.367e-05 2.8e-07 
80 9 2.3828e-05 1.51e-07 
81 9 2.3968e-05 3.33e-07 
82 9 2.3545e-05 1.31e-07 
83 9 2.3545e-05 1.54e-07 
84 9 2.4311e-05 7.17e-07 
85 9 3.2801e-05 1.67e-07 
86 9 2.4603e-05 2.42e-07 
87 9 2.3461e-05 1.78e-07 
88 9 2.3788e-05 1.65e-07 
89 9 2.3472e-05 1.08e-07 
90 9 2.369e-05 1.32e-07 
91 9 2.346e-05 3.46e-07 
92 9 4.7674e-05 5.13e-07 
93 9 5.1519e-05 3.44e-07 
94 9 4.9959e-05 2.16e-07 
95 9 4.9896e-05 5.2e-07 
96 9 5.2618e-05 3.51e-07 
97 9 5.3168e-05 1.192e-06 
98 9 5.7825e-05 3.83e-07 
99 9 5.9643e-05 5.46e-07 
100 9 5.8344e-05 5.68e-07 
101 9 5.9797e-05 7.75e-07 
102 9 6.6387e-05 4.24e-07 
103 9 6.1282e-05 6.94e-07 
104 9 6.0678e-05 8.41e-07 
105 9 5.9311e-05 5.85e-07 
106 9 5.8808e-05 5.38e-07 
107 9 5.9484e-05 5.99e-07 
108 9 5.8935e-05 7.12e-07 
109 9 6.1988e-05 8.01e-07 
110 9 6.2529e-05 5.2e-07 
111 9 6.6439e-05 7.41e-07 
112 9 6.5881e-05 6.82e-07 
113 9 6.6438e-05 6.23e-07 
114 9 0.000119815 6.3e-07 
115 9 6.6744e-05 4.07e-07 
116 9 6.6201e-05 7.58e-07 
117 9 7.0567e-05 7.42e-07 
118 9 7.5754e-05 2.435e-06 
119 10 9.8577e-05 5.72e-07 
120 10 8.2457e-05 5e-07 
121 10 8.513e-05 5.75e-07 
122 10 8.425e-05 5.27e-07 
123 10 8.3552e-05 7.48e-07 
124 10 8.0996e-05 5.8e-07 
125 10 8.3414e-05 3.662e-06 
126 10 0.000118777 2.651e-06 
127 10 8.7583e-05 7.96e-07 
128 10 7.9019e-05 6.46e-07 
129 10 8.8601e-05 6.31e-07 
130 10 9.1353e-05 7.3e-07 
131 10 9.4662e-05 7.42e-07 
132 10 8.5632e-05 5.41e-07 
133 10 9.7734e-05 3.058e-06 
134 10 0.000183917 2.666e-06 
135 10 0.000737512 2.497e-06 
136 10 0.00010588 8.32e-07 
137 10 9.9972e-05 1.156e-06 
138 10 9.1499e-05 5.84e-07 
139 10 8.5816e-05 5.29e-07 
140 10 9.1279e-05 5.86e-07 
141 10 8.3031e-05 1.74e-07 
142 10 2.8645e-05 2.53e-07 
143 10 2.5944e-05 1.66e-07 
144 10 2.7089e-05 2e-07 
145 10 2.6671e-05 2.52e-07 
146 10 2.7705e-05 2.84e-07 
147 10 2.869e-05 2.02e-07 
148 10 2.7093e-05 2.73e-07 
149 10 2.6868e-05 1.77e-07 
150 10 2.5482e-05 2.32e-07 
151 10 2.8058e-05 1.66e-07 
152 10 2.7938e-05 2.5e-07 
153 10 2.8999e-05 1.55e-07 
154 10 2.7188e-05 3.52e-07 
155 10 3.0481e-05 1.93e-07 
156 10 2.5856e-05 3.59e-07 
157 10 2.8523e-05 2.55e-07 
158 10 3.1918e-05 2.35e-07 
159 10 2.824e-05 1.81e-07 
160 10 2.7946e-05 2.18e-07 
161 10 2.7323e-05 1.4e-07 
162 10 2.5931e-05 1.66e-07 
163 10 2.7534e-05 1.41e-07 
164 10 2.6546e-05 1.55e-07 
165 10 2.7358e-05 1.74e-07 
166 10 2.6685e-05 1.94e-07 
167 10 2.6657e-05 1.55e-07 
168 10 2.806e-05 1.9e-07 
169 11 3.522e-05 1.83e-07 
170 11 3.1865e-05 2.68e-07 
171 11 3.3284e-05 1.76e-07 
172 11 3.1418e-05 3.14e-07 
173 11 3.098e-05 2.26e-07 
174 11 5.8119e-05 2.57e-07 
175 11 3.2217e-05 1.9e-07 
176 11 3.1801e-05 2.31e-07 
177 11 3.1784e-05 1.76e-07 
178 11 3.1062e-05 1.56e-07 
179 11 3.2179e-05 1.71e-07 
180 11 3.3958e-05 1.056e-06 
181 11 4.2479e-05 1.76e-07 
182 11 3.0471e-05 1.25e-07 
183 11 3.3355e-05 3.85e-07 
184 11 3.1444e-05 2.08e-07 
185 11 3.1768e-05 2.13e-07 
186 11 3.0569e-05 2.5e-07 
187 11 3.132e-05 1.8e-07 
188 11 3.0595e-05 1.6e-07 
189 11 3.0945e-05 1.259e-06 
190 11 5.101e-05 1.069e-06 
191 11 4.4018e-05 1.93e-07 
192 11 3.8186e-05 2.15e-07 
193 11 3.1994e-05 2.15e-07 
194 11 3.157e-05 2.64e-07 
195 11 3.4577e-05 3.13e-07 
196 11 2.9974e-05 1.73e-07 
197 11 3.3934e-05 1.61e-07 
198 11 4.7492e-05 9.7e-07 
199 11 9.0178e-05 7.17e-07 
200 11 8.8722e-05 1.004e-06 
201 11 9.8519e-05 3.155e-06 
202 11 0.000106211 6.67e-07 
203 11 9.4249e-05 1.247e-06 
204 11 9.7731e-05 9.68e-07 
205 11 9.7182e-05 9.57e-07 
206 11 9.8324e-05 5.64e-07 
207 11 9.7289e-05 5.47e-07 
208 11 9.5831e-05 5.87e-07 
209 11 9.7499e-05 7.71e-07 
210 11 0.000104688 8.37e-07 
211 11 0.000139978 9.53e-07 
212 11 9.786e-05 9.9e-07 
213 11 0.000101703 6.46e-07 
214 11 0.000126764 7.63e-07 
215 11 0.000146882 1.095e-06 
216 11 0.000103647 6.97e-07 
217 11 0.000111918 8.84e-07 
218 11 0.00013289 9.08e-07 
219 12 0.000126207 7.24e-07 
220 12 0.000106626 8.64e-07 
221 12 0.000107966 8.3e-07 
222 12 0.000100972 5.2e-07 
223 12 0.000102513 7.85e-07 
224 12 9.9471e-05 7.94e-07 
225 12 9.575e-05 6.02e-07 
226 12 9.3642e-05 7.21e-07 
227 12 8.4922e-05 6.05e-07 
228 12 8.5114e-05 6.37e-07 
229 10 6.4137e-05 3.72e-07 
230 11 0.000130207 7.78e-07 
231 12 8.1634e-05 4.28e-07 
232 12 7.1261e-05 5.42e-07 
233 12 7.8103e-05 3.63e-07 
234 12 7.0924e-05 5.76e-07 
235 12 6.7508e-05 5.3e-07 
236 12 6.4512e-05 3.39e-07 
237 10 5.261e-05 3.57e-07 
238 12 6.2553e-05 3.19e-07 
239 12 6.1245e-05 2.92e-07 
240 12 5.9258e-05 4.17e-07 
241 11 5.3534e-05 3.38e-07 
242 12 6.4682e-05 3.76e-07 
243 12 5.6598e-05 6.12e-07 
244 12 0.000106378 3.93e-07 
245 12 5.5163e-05 3.47e-07 
246 12 5.2404e-05 3.39e-07 
247 12 5.5924e-05 3.28e-07 
248 12 5.3158e-05 3.66e-07 
249 12 5.2952e-05 3.08e-07 
250 12 5.0648e-05 4.4e-07 
251 12 5.2432e-05 3.04e-07 
252 12 4.9348e-05 3.36e-07 
253 12 5.1095e-05 4e-07 
254 12 4.9957e-05 2.23e-07 
255 12 5.044e-05 2.91e-07 
256 12 4.5964e-05 4.87e-07 
257 12 5.0723e-05 1.99e-07 
258 12 4.1823e-05 2.55e-07 
259 12 4.3853e-05 2.16e-07 
260 12 4.3591e-05 2.64e-07 
261 12 4.216e-05 1.42e-07 
262 12 4.1377e-05 2.49e-07 
263 12 4.3029e-05 1.81e-07 
264 12 4.0325e-05 2.54e-07 
265 12 4.1197e-05 2.35e-07 
266 12 3.9151e-05 2.68e-07 
267 11 3.501e-05 1.37e-07 
268 12 4.2884e-05 1.64e-07 
269 13 4.5909e-05 1.88e-07 
270 13 4.5738e-05 3.35e-07 
271 13 4.8505e-05 1.96e-07 
272 13 4.7405e-05 2.09e-07 
273 13 4.8559e-05 2.61e-07 
274 13 4.5113e-05 2.25e-07 
275 13 4.6953e-05 1.71e-07 
276 13 4.9217e-05 3.49e-07 
277 13 4.8015e-05 3.1e-07 
278 13 4.5838e-05 1.33e-07 
279 11 3.5666e-05 2.23e-07 
280 13 4.8534e-05 2.2e-07 
281 13 4.6845e-05 2.07e-07 
282 13 5.2457e-05 2.96e-07 
283 13 4.9793e-05 2.34e-07 
284 13 4.5576e-05 3.53e-07 
285 13 4.5188e-05 1.75e-07 
286 11 3.6595e-05 1.58e-07 
287 13 4.6394e-05 1.95e-07 
288 13 5.0452e-05 1.83e-07 
289 13 4.45e-05 3.13e-07 
290 13 5.7961e-05 3.11e-07 
291 13 4.4256e-05 1.84e-07 
292 13 4.5245e-05 4.88e-07 
293 13 4.5876e-05 1.92e-07 
294 13 4.6128e-05 1.76e-07 
295 13 4.5855e-05 3.29e-07 
296 13 4.5183e-05 5.12e-07 
297 13 4.5552e-05 3.52e-07 
298 13 4.5197e-05 2.74e-07 
299 13 4.8113e-05 2.7e-07 
300 13 4.733e-05 5.06e-07 
301 13 4.7284e-05 1.86e-07 
302 13 4.781e-05 1.81e-07 
303 13 4.7024e-05 1.77e-07 
304 13 4.7564e-05 2.95e-07 
305 13 4.9635e-05 2.47e-07 
306 13 4.6447e-05 2.52e-07 
307 13 5.1803e-05 1.43e-07 
308 13 4.7815e-05 1.93e-07 
309 13 4.6481e-05 3.56e-07 
310 13 4.5521e-05 2.44e-07 
311 13 4.7294e-05 4.71e-07 
312 13 4.6507e-05 2.02e-07 
313 13 4.6551e-05 1.91e-07 
314 13 4.5825e-05 2.94e-07 
315 13 4.6875e-05 1.71e-07 
316 11 4.4963e-05 2e-07 
317 11 3.8922e-05 1.95e-07 
318 11 3.8158e-05 3.95e-07 
319 14 5.3517e-05 3.03e-07 
320 14 5.2756e-05 5.19e-07 
321 14 5.3611e-05 2.31e-07 
322 14 5.3076e-05 3.03e-07 
323 14 5.4893e-05 2.04e-07 
324 14 5.3502e-05 2.38e-07 
325 14 7.73e-05 2.64e-07 
326 13 4.8175e-05 5.63e-07 
327 14 5.3756e-05 2.26e-07 
328 14 5.1523e-05 2.75e-07 
329 12 4.1222e-05 1.69e-07 
330 14 5.4315e-05 3.01e-07 
331 14 4.928e-05 1.93e-07 
332 13 4.7458e-05 1.55e-07 
333 14 5.1722e-05 3.63e-07 
334 14 5.1564e-05 3.69e-07 
335 14 5.0046e-05 2.41e-07 
336 10 3.0084e-05 2.32e-07 
337 14 5.248e-05 2.07e-07 
338 14 5.1891e-05 3.27e-07 
339 14 5.0985e-05 2.29e-07 
340 13 5.1088e-05 2.9e-07 
341 14 5.0784e-05 2.82e-07 
342 14 4.9493e-05 5.08e-07 
343 14 5.1977e-05 5.21e-07 
344 14 5.288e-05 2.76e-07 
345 14 5.3951e-05 3.15e-07 
346 14 5.2419e-05 2.6e-07 
347 14 5.2034e-05 3.27e-07 
348 14 5.0109e-05 1.94e-07 
349 14 6.0256e-05 2.69e-07 
350 14 5.35e-05 4.86e-07 
351 14 5.173e-05 3.38e-07 
352 14 5.1036e-05 5.05e-07 
353 14 5.3448e-05 3.13e-07 
354 14 5.4486e-05 6.1e-07 
355 14 5.5292e-05 2.32e-07 
356 14 4.8585e-05 3.2e-07 
357 14 5.1066e-05 2.21e-07 
358 14 5.0682e-05 2.47e-07 
359 14 5.1323e-05 2.85e-07 
360 14 5.3411e-05 2.96e-07 
361 10 3.0304e-05 1.7e-07 
362 14 5.0713e-05 5.31e-07 
363 14 5.065e-05 2.28e-07 
364 14 4.9555e-05 3.02e-07 
365 14 5.2724e-05 1.96e-07 
366 11 3.5666e-05 2.32e-07 
367 11 3.7351e-05 2.52e-07 
368 11 3.5202e-05 1.83e-07 
369 15 5.7547e-05 2.73e-07 
370 15 5.6637e-05 4.13e-07 
371 15 5.7518e-05 3.4e-07 
372 15 5.6922e-05 2e-07 
373 15 6.6289e-05 3.06e-07 
374 15 5.7111e-05 2.02e-07 
375 15 5.9364e-05 2.86e-07 
376 15 6.6663e-05 2.32e-07 
377 15 5.8629e-05 2.51e-07 
378 13 4.828e-05 4.26e-07 
379 15 6.286e-05 2.77e-07 
380 15 6.4201e-05 2.08e-07 
381 15 6.1612e-05 2.63e-07 
382 15 5.7396e-05 3.2e-07 
383 15 5.6521e-05 3.42e-07 
384 11 3.7139e-05 2.64e-07 
385 15 5.7209e-05 2.39e-07 
386 15 5.8776e-05 3.26e-07 
387 15 5.9716e-05 3.27e-07 
388 15 5.9288e-05 4.04e-07 
389 15 6.1108e-05 3.61e-07 
390 15 6.1606e-05 5.39e-07 
391 15 5.8071e-05 2.77e-07 
392 15 6.0545e-05 3.11e-07 
393 15 5.7551e-05 4.73e-07 
394 15 7.0854e-05 4.75e-07 
395 15 5.6601e-05 5.69e-07 
396 15 6.0525e-05 3.01e-07 
397 15 5.9661e-05 4.17e-07 
398 15 6.0124e-05 2.32e-07 
399 15 5.9623e-05 3.78e-07 
400 15 5.7405e-05 2.77e-07 
401 15 6.1039e-05 3.53e-07 
402 15 5.9959e-05 1.7e-07 
403 15 5.8345e-05 2.12e-07 
404 15 5.7582e-05 3.17e-07 
405 15 6.106e-05 3.73e-07 
406 15 5.8661e-05 2.94e-07 
407 15 5.8636e-05 2.44e-07 
408 11 3.6367e-05 2.86e-07 
409 15 5.8856e-05 2.27e-07 
410 15 5.843e-05 3.33e-07 
411 15 5.788e-05 2.92e-07 
412 15 6.2362e-05 2.68e-07 
413 8 1.825e-05 1.42e-07 
414 13 5.1437e-05 3.96e-07 
415 13 4.8388e-05 2.02e-07 
416 13 4.9195e-05 4.57e-07 
417 11 3.6294e-05 2.38e-07 
418 11 3.6496e-05 1.95e-07 
419 11 3.5655e-05 1.72e-07 
420 9 2.1585e-05 1.5e-07 
421 16 6.3187e-05 2.74e-07 
422 16 6.636e-05 5.1e-07 
423 16 7.0553e-05 4.62e-07 
424 16 6.2752e-05 4.58e-07 
425 14 5.5203e-05 3.1e-07 
426 16 6.6168e-05 5.73e-07 
427 16 7.1715e-05 3.25e-07 
428 16 6.5537e-05 2.98e-07 
429 16 6.3631e-05 2.4e-07 
430 12 4.1572e-05 1.76e-07 
431 16 6.4435e-05 3.45e-07 
432 16 6.8221e-05 4.22e-07 
433 16 6.5322e-05 2.92e-07 
434 16 6.3621e-05 3.39e-07 
435 16 6.1734e-05 4.19e-07 
436 12 4.3646e-05 4.43e-07 
437 16 6.2297e-05 2.33e-07 
438 16 6.3781e-05 2.5e-07 
439 16 6.1747e-05 3.94e-07 
440 16 6.0319e-05 4.68e-07 
441 16 6.4911e-05 4.29e-07 
442 16 6.5641e-05 4.3e-07 
443 16 5.9865e-05 2.48e-07 
444 16 6.2708e-05 2.75e-07 
445 16 6.3411e-05 5.33e-07 
446 16 6.2475e-05 5.73e-07 
447 16 6.2199e-05 3.19e-07 
448 16 6.2946e-05 2.5e-07 
449 15 5.928e-05 3.35e-07 
450 16 6.2813e-05 2.3e-07 
451 16 6.2527e-05 3.33e-07 
452 16 6.1796e-05 2.73e-07 
453 16 6.2173e-05 3.73e-07 
454 16 6.3727e-05 2.48e-07 
455 16 6.0075e-05 2.86e-07 
456 16 6.4208e-05 2.73e-07 
457 16 6.4981e-05 2.19e-07 
458 16 6.3233e-05 3.87e-07 
459 16 6.4813e-05 3.6e-07 
460 14 5.4531e-05 3.05e-07 
461 16 6.1473e-05 3.69e-07 
462 16 6.2161e-05 4.38e-07 
463 16 6.0988e-05 2.47e-07 
464 16 7.3597e-05 2.84e-07 
465 13 5.1213e-05 3.39e-07 
466 13 4.8208e-05 2.59e-07 
467 13 5.0392e-05 2.98e-07 
468 11 3.7406e-05 4.21e-07 
469 11 3.7295e-05 2.14e-07 
470 11 3.6128e-05 1.84e-07 
471 17 6.8983e-05 3.55e-07 
472 17 6.7156e-05 6.94e-07 
473 17 6.8649e-05 4.01e-07 
474 17 6.7225e-05 2.72e-07 
475 15 5.9739e-05 3.05e-07 
476 17 6.8025e-05 1.488e-06 
477 17 7.3652e-05 4.4e-07 
478 17 7.0503e-05 3.17e-07 
479 17 7.0594e-05 5.27e-07 
480 13 4.5922e-05 4.61e-07 
481 17 6.9167e-05 3.62e-07 
482 17 6.5186e-05 4.99e-07 
483 17 7.1906e-05 4.23e-07 
484 17 6.811e-05 5.28e-07 
485 17 6.7224e-05 4.84e-07 
486 13 4.8003e-05 2.75e-07 
487 17 6.815e-05 2.25e-07 
488 17 7.5624e-05 2.52e-07 
489 16 6.7951e-05 2.18e-07 
490 17 8.392e-05 3.77e-07 
491 17 6.6003e-05 2.38e-07 
492 17 6.8147e-05 2.35e-07 
493 17 6.5495e-05 2.02e-07 
494 17 6.7257e-05 2.25e-07 
495 17 6.8537e-05 2.72e-07 
496 17 6.9074e-05 3.65e-07 
497 17 6.5736e-05 2.09e-07 
498 17 6.9796e-05 2.28e-07 
499 17 7.0438e-05 3.29e-07 
500 17 7.0072e-05 1.98e-07 
501 17 6.9954e-05 2.84e-07 
502 17 6.969e-05 2.28e-07 
503 17 7.0527e-05 2.61e-07 
504 17 7.2201e-05 3.4e-07 
505 17 7.9699e-05 2.93e-07 
506 17 7.0466e-05 4.28e-07 
507 17 7.6441e-05 5.4e-07 
508 17 9.764e-05 3.42e-07 
509 15 6.4313e-05 3.24e-07 
510 17 6.8952e-05 2.6e-07 
511 17 6.9223e-05 2.26e-07 
512 17 6.7053e-05 2.16e-07 
513 17 7.1306e-05 2.42e-07 
514 10 2.9127e-05 1.79e-07 
515 15 6.2001e-05 5.75e-07 
516 13 5.116e-05 2.14e-07 
517 13 4.8232e-05 1.84e-07 
518 13 4.9692e-05 2.2e-07 
519 11 3.7209e-05 1.92e-07 
520 11 3.584e-05 1.43e-07 
521 11 3.6584e-05 1.46e-07 
522 16 6.5725e-05 3.88e-07 
523 11 3.5759e-05 1.37e-07 
524 18 7.625e-05 2.84e-07 
525 18 7.5076e-05 5.81e-07 
526 18 7.6468e-05 2.78e-07 
527 18 7.8027e-05 2.3e-07 
528 16 6.7227e-05 2.2e-07 
529 18 8.0911e-05 2.09e-07 
530 18 8.339e-05 4.27e-07 
531 18 8.0207e-05 2.34e-07 
532 18 7.6725e-05 2.83e-07 
533 14 5.3834e-05 2e-07 
534 18 7.6909e-05 3.22e-07 
535 18 7.4183e-05 2.19e-07 
536 18 8.0542e-05 2.38e-07 
537 18 7.6384e-05 2.37e-07 
538 18 7.5849e-05 3.32e-07 
539 12 4.3113e-05 2.09e-07 
540 18 7.8267e-05 2.45e-07 
541 18 8.0048e-05 2.28e-07 
542 18 7.8069e-05 2.43e-07 
543 18 7.5863e-05 4.13e-07 
544 18 7.7731e-05 3.13e-07 
545 18 7.2304e-05 2.36e-07 
546 18 7.7202e-05 2.12e-07 
547 16 6.474e-05 3.18e-07 
548 18 7.941e-05 3.25e-07 
549 18 7.7663e-05 2.07e-07 
550 18 7.6968e-05 2.9e-07 
551 18 7.8556e-05 2.31e-07 
552 18 7.6798e-05 4.44e-07 
553 18 7.564e-05 5.04e-07 
554 18 7.7358e-05 3.03e-07 
555 18 7.5626e-05 2.51e-07 
556 18 7.1492e-05 2.36e-07 
557 18 7.3799e-05 2.07e-07 
558 18 7.7513e-05 3.14e-07 
559 18 7.3616e-05 2.2e-07 
560 18 7.4957e-05 2.52e-07 
561 12 4.1642e-05 3.3e-07 
562 18 7.583e-05 3.27e-07 
563 18 7.7736e-05 2.2e-07 
564 18 7.7531e-05 2.41e-07 
565 18 8.437e-05 2.87e-07 
566 15 6.685e-05 2.35e-07 
567 13 5.4087e-05 1.77e-07 
568 13 4.8099e-05 1.9e-07 
569 13 5.0319e-05 4.74e-07 
570 16 6.5397e-05 3.53e-07 
571 11 3.6964e-05 7.54e-07 
572 11 3.7903e-05 1.85e-07 
573 11 3.7174e-05 1.48e-07 
574 19 8.5667e-05 3.08e-07 
575 19 8.4998e-05 3.54e-07 
576 19 8.3137e-05 2.52e-07 
577 19 8.8476e-05 4.52e-07 
578 17 7.9816e-05 3.59e-07 
579 19 8.7043e-05 2.59e-07 
580 19 8.752e-05 2.94e-07 
581 19 8.6092e-05 2.28e-07 
582 19 8.2821e-05 2.38e-07 
583 15 5.9501e-05 3.05e-07 
584 19 8.3849e-05 3.07e-07 
585 19 7.9802e-05 2.14e-07 
586 19 8.5046e-05 2.95e-07 
587 19 9.6856e-05 5.6e-07 
588 19 8.4045e-05 2.34e-07 
589 11 3.6681e-05 1.96e-07 
590 19 8.4062e-05 2.35e-07 
591 19 8.5878e-05 3.52e-07 
592 17 6.7787e-05 2.52e-07 
593 19 8.352e-05 3.42e-07 
594 19 8.1033e-05 3.85e-07 
595 19 8.0237e-05 2.52e-07 
596 19 8.2025e-05 3.9e-07 
597 17 6.9824e-05 3.85e-07 
598 19 9.1187e-05 3.61e-07 
599 19 8.7209e-05 2.66e-07 
600 19 9.6682e-05 2.5e-07 
601 19 9.0798e-05 3.16e-07 
602 19 8.8454e-05 2.66e-07 
603 19 8.5449e-05 2.19e-07 
604 19 8.3617e-05 9.35e-07 
605 19 8.3039e-05 2.49e-07 
606 19 8.1142e-05 2.18e-07 
607 19 7.9976e-05 2.09e-07 
608 19 8.2042e-05 3.16e-07 
609 19 8.595e-05 3.49e-07 
610 19 8.0614e-05 2.44e-07 
611 13 5.0041e-05 1.93e-07 
612 19 8.0944e-05 3.56e-07 
613 19 7.9216e-05 2.95e-07 
614 19 7.9998e-05 3.01e-07 
615 19 8.4987e-05 4.1e-07 
616 12 4.3326e-05 2e-07 
617 16 6.1301e-05 2.68e-07 
618 15 6.011e-05 3.08e-07 
619 13 4.8844e-05 1.84e-07 
620 13 4.8198e-05 1.62e-07 
621 13 4.8843e-05 3.83e-07 
622 13 4.7857e-05 1.84e-07 
623 20 8.927e-05 4.19e-07 
624 20 8.4547e-05 2.77e-07 
625 20 8.5714e-05 4.18e-07 
626 20 8.2299e-05 2.58e-07 
627 16 6.6873e-05 3.13e-07 
628 20 9.088e-05 3.53e-07 
629 20 9.2772e-05 3.15e-07 
630 20 9.1891e-05 2.3e-07 
631 20 8.8135e-05 4.3e-07 
632 14 5.4095e-05 2.06e-07 
633 20 8.9959e-05 6.21e-07 
634 20 8.3823e-05 2.57e-07 
635 20 8.9944e-05 2.77e-07 
636 20 8.9163e-05 2.79e-07 
637 20 8.3973e-05 4.88e-07 
638 12 4.6908e-05 4.19e-07 
639 20 9.3931e-05 3.29e-07 
640 20 9.7227e-05 3.52e-07 
641 18 0.000103014 5.24e-07 
642 20 0.000103369 3.17e-07 
643 20 8.7366e-05 2.61e-07 
644 20 8.305e-05 4.2e-07 
645 20 8.6657e-05 2.75e-07 
646 18 8.7362e-05 2.46e-07 
647 20 0.000100312 4.85e-07 
648 20 9.4153e-05 3.52e-07 
649 20 8.6464e-05 3.98e-07 
650 20 9.1142e-05 5.32e-07 
651 20 8.8056e-05 2.42e-07 
652 20 8.7639e-05 2.32e-07 
653 20 8.502e-05 2.45e-07 
654 20 9.2151e-05 3.44e-07 
655 20 0.000103296 2.88e-07 
656 20 8.6336e-05 2.52e-07 
657 20 8.7341e-05 2.46e-07 
658 20 8.7364e-05 2.69e-07 
659 20 8.5702e-05 2.55e-07 
660 16 6.8527e-05 2.3e-07 
661 20 8.5532e-05 2.35e-07 
662 20 8.5043e-05 4.48e-07 
663 20 8.5157e-05 3.04e-07 
664 19 8.5351e-05 5e-07 
665 11 3.7192e-05 2.18e-07 
666 11 3.5046e-05 1.76e-07 
667 11 3.4922e-05 1.87e-07 
668 16 6.2877e-05 2.87e-07 
669 15 7.0049e-05 2.14e-07 
670 21 9.3024e-05 3.17e-07 
671 21 9.0266e-05 3.94e-07 
672 21 8.9936e-05 2.66e-07 
673 21 8.8153e-05 4.41e-07 
674 17 7.6769e-05 4.05e-07 
675 21 0.000102388 3.88e-07 
676 21 0.000106178 2.76e-07 
677 21 9.7071e-05 2.36e-07 
678 21 9.3696e-05 2.55e-07 
679 15 5.8296e-05 2.14e-07 
680 21 9.5709e-05 3.02e-07 
681 21 9.0808e-05 5.17e-07 
682 21 9.5667e-05 2.82e-07 
683 21 9.3248e-05 3.51e-07 
684 21 9.1626e-05 4.63e-07 
685 13 5.3063e-05 3.16e-07 
686 21 9.8514e-05 4.09e-07 
687 21 0.000100915 6.02e-07 
688 15 5.5042e-05 2.26e-07 
689 21 9.4978e-05 4.36e-07 
690 21 0.000102401 6.29e-07 
691 21 8.9567e-05 2.95e-07 
692 21 9.0972e-05 2.64e-07 
693 19 8.3143e-05 4.05e-07 
694 21 9.708e-05 3.24e-07 
695 21 8.9912e-05 2.54e-07 
696 21 9.2973e-05 4.21e-07 
697 21 9.5457e-05 4.17e-07 
698 21 9.1928e-05 2.6e-07 
699 21 9.422e-05 3.76e-07 
700 21 9.4357e-05 4.9e-07 
701 21 9.6516e-05 2.99e-07 
702 21 8.8782e-05 2.77e-07 
703 21 9.6007e-05 3.29e-07 
704 21 9.2528e-05 4.64e-07 
705 21 9.1091e-05 3e-07 
706 21 9.1487e-05 2.63e-07 
707 17 7.5862e-05 3.11e-07 
708 21 9.9365e-05 4.26e-07 
709 21 9.4497e-05 3.18e-07 
710 21 9.4113e-05 2.72e-07 
711 13 5.2692e-05 2.94e-07 
712 13 4.9476e-05 1.81e-07 
713 13 5.0882e-05 2.63e-07 
714 14 5.6687e-05 1.95e-07 
715 16 6.2532e-05 2.21e-07 
716 19 8.7674e-05 4.93e-07 
717 11 3.8484e-05 1.79e-07 
718 11 3.7693e-05 1.63e-07 
719 11 3.6665e-05 2.81e-07 
720 16 5.9668e-05 2.71e-07 
721 15 5.8552e-05 2.33e-07 
722 15 6.0342e-05 1.94e-07 
723 22 0.000101032 4.11e-07 
724 22 9.8688e-05 4.25e-07 
725 22 9.7278e-05 2.96e-07 
726 22 9.5611e-05 3.68e-07 
727 18 7.9057e-05 2.43e-07 
728 22 0.000123164 3.74e-07 
729 22 0.000107987 3.51e-07 
730 22 0.000104568 2.74e-07 
731 22 9.9398e-05 2.77e-07 
732 16 6.5699e-05 2.3e-07 
733 14 5.1576e-05 1.87e-07 
734 22 0.000116886 4.39e-07 
735 22 0.000128461 5.81e-07 
736 22 0.000101444 6.84e-07 
737 22 9.8459e-05 3.49e-07 
738 14 5.6183e-05 2.02e-07 
739 22 0.000101194 3.01e-07 
740 22 0.000105754 4.19e-07 
741 16 6.0972e-05 2.23e-07 
742 22 0.000101323 3.97e-07 
743 22 0.000154943 1.05e-06 
744 22 0.000101686 4.27e-07 
745 22 0.000105103 4.21e-07 
746 18 7.9167e-05 3.43e-07 
747 22 0.000110821 7.45e-07 
748 22 0.000103039 2.88e-07 
749 22 0.000101177 3.64e-07 
750 22 0.000102678 2.66e-07 
751 22 0.000101586 3.68e-07 
752 22 0.00010005 5.26e-07 
753 22 0.000101595 3.72e-07 
754 22 0.000106445 2.9e-07 
755 22 9.5067e-05 3.23e-07 
756 22 9.7169e-05 3.67e-07 
757 22 9.9753e-05 3.38e-07 
758 22 9.5912e-05 3.52e-07 
759 22 9.8043e-05 3.32e-07 
760 14 6.767e-05 2.07e-07 
761 22 9.9553e-05 3.49e-07 
762 22 9.7597e-05 2.92e-07 
763 22 9.6883e-05 3.08e-07 
764 13 4.9592e-05 2.45e-07 
765 13 4.8709e-05 1.77e-07 
766 13 4.866e-05 2.92e-07 
767 19 8.7819e-05 3.92e-07 
768 16 5.9209e-05 2.3e-07 
769 11 3.6163e-05 2.11e-07 
770 11 3.5925e-05 1.6e-07 
771 11 3.5005e-05 1.48e-07 
772 23 0.000102805 3.9e-07 
773 23 0.000103573 5.42e-07 
774 23 0.000108454 3.99e-07 
775 23 0.000100967 2.83e-07 
776 19 8.6584e-05 2.42e-07 
777 23 0.000107757 3.67e-07 
778 23 0.000108911 7.78e-07 
779 23 0.000113114 4.63e-07 
780 23 0.0001129 3.6e-07 
781 17 7.5873e-05 2.38e-07 
782 15 5.8399e-05 3.74e-07 
783 23 0.000104123 4.05e-07 
784 23 0.000106934 3.53e-07 
785 23 0.000107432 7.53e-07 
786 23 0.00010207 4.81e-07 
787 15 6.1803e-05 2.25e-07 
788 23 0.000108547 2.69e-07 
789 23 0.000112054 5.7e-07 
790 19 8.1555e-05 3.75e-07 
791 23 0.000107828 4.51e-07 
792 23 0.000105462 2.93e-07 
793 23 0.000101551 3.56e-07 
794 23 0.00011409 3.73e-07 
795 19 8.3456e-05 1.587e-06 
796 23 0.000116208 5.55e-07 
797 23 0.00010186 2.9e-07 
798 22 9.9999e-05 5.27e-07 
799 23 0.000113046 7.57e-07 
800 23 0.000117275 5.13e-07 
801 23 0.000104939 4.22e-07 
802 23 0.000106986 5.67e-07 
803 23 0.000114078 5.51e-07 
804 23 0.000106876 5.57e-07 
805 23 9.9273e-05 4.53e-07 
806 23 0.000105577 6.64e-07 
807 23 0.000104513 6.52e-07 
808 23 0.000115888 3.94e-07 
809 15 6.0768e-05 2.11e-07 
810 23 0.000112392 3.47e-07 
811 23 0.000100533 5.98e-07 
812 23 0.000103697 3.95e-07 
813 16 6.9466e-05 2.83e-07 
814 15 6.5313e-05 3.97e-07 
815 16 6.2716e-05 2.52e-07 
816 13 4.9156e-05 2.14e-07 
817 13 4.7929e-05 1.68e-07 
818 13 4.8011e-05 1.39e-07 
819 19 9.1319e-05 3.11e-07 
820 22 0.0001033 4.89e-07 
821 17 6.8898e-05 2.27e-07 
822 11 3.6844e-05 1.87e-07 
823 11 3.5127e-05 1.44e-07 
824 11 3.6579e-05 1.7e-07 
825 24 0.000111995 5.01e-07 
826 24 0.000113233 3.57e-07 
827 24 0.000114902 4.72e-07 
828 24 0.000109281 3.6e-07 
829 18 7.8673e-05 4.03e-07 
830 24 0.000116439 6.41e-07 
831 24 0.000129728 7.44e-07 
832 24 0.000117676 6.56e-07 
833 24 0.000110154 5.86e-07 
834 16 6.6349e-05 2.91e-07 
835 22 0.000104954 5.66e-07 
836 24 0.000108421 6.14e-07 
837 24 0.00011403 3.62e-07 
838 24 0.000112357 5.19e-07 
839 24 0.000106817 4.43e-07 
840 12 4.2492e-05 1.71e-07 
841 24 0.000109832 3.1e-07 
842 24 0.000119833 6.95e-07 
843 20 8.5024e-05 5.89e-07 
844 24 0.000112402 4.68e-07 
845 24 0.000108269 8.18e-07 
846 24 0.000136834 3.87e-07 
847 24 0.00012278 4.85e-07 
848 20 9.0809e-05 2.92e-07 
849 24 0.00011969 4.74e-07 
850 24 0.000109961 3.76e-07 
851 22 0.000126254 8.01e-07 
852 24 0.000113155 4.2e-07 
853 23 0.000105666 5.96e-07 
854 24 0.000110821 2.92e-07 
855 24 0.000118701 3.72e-07 
856 24 0.000106674 4.08e-07 
857 24 0.000106173 5.34e-07 
858 24 0.000111967 4.11e-07 
859 24 0.000108505 5.39e-07 
860 24 0.000109521 3.61e-07 
861 18 8.2252e-05 9.3e-07 
862 24 0.000108448 3.35e-07 
863 24 0.000108492 3.25e-07 
864 24 0.000105129 4.26e-07 
865 16 6.0276e-05 2.3e-07 
866 22 9.8655e-05 4.06e-07 
867 15 5.8444e-05 2.86e-07 
868 16 5.1248e-05 2.42e-07 
869 25 0.000116331 3.3e-07 
870 25 0.000115897 6.12e-07 
871 25 0.000124382 4.79e-07 
872 25 0.000111065 4.97e-07 
873 19 8.8438e-05 3.62e-07 
874 25 0.000121124 4.99e-07 
875 25 0.000122313 4.83e-07 
876 25 0.000129284 3.35e-07 
877 25 0.000115707 4.99e-07 
878 17 8.0489e-05 2.45e-07 
879 23 0.000111561 1.087e-06 
880 25 0.000124374 7.17e-07 
881 25 0.000118108 5.55e-07 
882 25 0.000115582 7.2e-07 
883 25 0.000115826 6.88e-07 
884 13 5.0274e-05 2.9e-07 
885 25 0.000117457 7.81e-07 
886 25 0.000127037 7.6e-07 
887 17 6.9631e-05 3.76e-07 
888 25 0.000119294 1.153e-06 
889 25 0.000120249 8.32e-07 
890 25 0.000113341 8.26e-07 
891 25 0.000113289 7.66e-07 
892 21 9.7093e-05 8.67e-07 
893 25 0.000123703 8.23e-07 
894 25 0.000120902 5.79e-07 
895 23 0.000106817 6.38e-07 
896 25 0.000114338 8.03e-07 
897 25 0.000114222 1.175e-06 
898 25 0.000120791 1.377e-06 
899 25 0.000115561 6.89e-07 
900 25 0.000111768 7.95e-07 
901 25 0.000118445 6.85e-07 
902 25 0.000116741 7.18e-07 
903 25 0.000119539 5.63e-07 
904 19 9.0609e-05 5.86e-07 
905 25 0.000112533 9.14e-07 
906 25 0.000119682 1.2e-06 
907 25 0.00012047 9.44e-07 
908 19 8.7888e-05 8.12e-07 
909 13 4.9162e-05 3.2e-07 
910 13 4.7489e-05 2.68e-07 
911 13 4.9159e-05 3.03e-07 
912 18 7.8644e-05 5.16e-07 
913 22 0.000103173 7.01e-07 
914 23 0.000111178 5.68e-07 
915 11 3.6438e-05 1.51e-07 
916 11 3.6015e-05 2.08e-07 
917 11 3.533e-05 1.85e-07 
918 16 6.2062e-05 2.65e-07 
919 15 5.9288e-05 5.17e-07 
920 19 8.0096e-05 2.65e-07 
921 22 9.9297e-05 4.98e-07 
922 26 0.000125718 7.15e-07 
923 26 0.00013738 1.065e-06 
924 26 0.000130519 3.12e-06 
925 26 0.000124345 6.01e-07 
926 14 5.3037e-05 3e-07 
927 26 0.000127413 1.162e-06 
928 26 0.000132335 1.051e-06 
929 26 0.00013028 1.02e-06 
930 26 0.000125142 8.27e-07 
931 10 3.0196e-05 1.51e-07 
932 16 6.668e-05 6.19e-07 
933 26 0.000121306 6.31e-07 
934 26 0.000127047 6.13e-07 
935 26 0.000128573 7.25e-07 
936 26 0.000127455 9.91e-07 
937 14 6.3681e-05 3.69e-07 
938 26 0.000127543 7.59e-07 
939 26 0.000148437 1.205e-06 
940 18 8.8893e-05 4.78e-07 
941 26 0.000130324 8.5e-07 
942 26 0.000129112 1.262e-06 
943 26 0.000118829 1.043e-06 
944 26 0.000120513 6.32e-07 
945 20 0.00010424 5.27e-07 
946 26 0.00013725 8.02e-07 
947 26 0.000123587 9.74e-07 
948 24 0.000114266 8.69e-07 
949 26 0.000121657 7.44e-07 
950 26 0.000122718 1.43e-06 
951 26 0.000132972 1.107e-06 
952 26 0.000119562 1.008e-06 
953 26 0.000119884 6.93e-07 
954 26 0.00012436 8.73e-07 
955 26 0.000135467 8.21e-07 
956 26 0.000120525 5.82e-07 
957 16 7.6791e-05 3.42e-07 
958 26 0.000120938 7.65e-07 
959 26 0.000120539 5.41e-07 
960 26 0.000117585 5.7e-07 
961 19 8.449e-05 6.66e-07 
962 16 6.1807e-05 3.07e-07 
963 13 5.0402e-05 2.17e-07 
964 13 6.1754e-05 2.54e-07 
965 13 4.861e-05 2.68e-07 
966 23 0.000107192 7.81e-07 
967 22 9.9917e-05 5.39e-07 
968 11 3.6645e-05 2.64e-07 
969 11 3.5431e-05 1.84e-07 
970 11 3.5193e-05 1.82e-07 
971 27 0.0001277 6.31e-07 
972 27 0.000128067 7.26e-07 
973 27 0.0001416 9.89e-07 
974 27 0.000122066 6.8e-07 
975 15 5.8691e-05 4.06e-07 
976 27 0.000135618 9.77e-07 
977 27 0.000132688 1.149e-06 
978 27 0.000146626 1.221e-06 
979 27 0.000133406 1.098e-06 
980 11 3.4204e-05 1.43e-07 
981 17 7.3216e-05 5.98e-07 
982 27 0.000126476 6.69e-07 
983 27 0.000132482 5.16e-07 
984 27 0.000140582 8.73e-07 
985 27 0.000131127 5.62e-07 
986 15 6.8087e-05 2.75e-07 
987 27 0.000126099 8.04e-07 
988 27 0.000135733 1.737e-06 
989 19 8.352e-05 6.48e-07 
990 21 0.000104643 6.29e-07 
991 27 0.000132302 6.78e-07 
992 27 0.000130799 8.24e-07 
993 27 0.00013262 7.58e-07 
994 21 0.000101759 2.013e-06 
995 27 0.000147078 9.46e-07 
996 27 0.000128122 1.165e-06 
997 25 0.000119336 1.018e-06 
998 27 0.000130412 9.79e-07 
999 27 0.000133798 1.0561e-05 
